image_width: 2880
image_height: 1860
camera_name: camera0
camera_matrix:
  rows: 3
  cols: 3
  data: [5368.25873, 0.0, 1412.70938, 0.0, 5364.46693, 958.59729, 0.0, 0.0, 1.0]
distortion_model: plumb_bob
distortion_coefficients:
  rows: 1
  cols: 5
  data: [-0.08849, -0.90255, 0.00075, 0.00111, 0.0]
projection_matrix:
  rows: 3
  cols: 4
  data: [5305.15088, 0.0, 1412.64275, 0.0, 0.0, 5342.61084, 958.70113, 0.0, 0.0, 0.0,
    1.0, 0.0]
rectification_matrix:
  rows: 3
  cols: 3
  data: [1.0, 0.0, 0.0, 0.0, 1.0, 0.0, 0.0, 0.0, 1.0]