image_width: 2880
image_height: 1860
camera_name: camera4
camera_matrix:
  rows: 3
  cols: 3
  data: [5363.43736, 0.0, 1507.51202, 0.0, 5341.55785, 1076.26984, 0.0, 0.0, 1.0]
distortion_model: plumb_bob
distortion_coefficients:
  rows: 1
  cols: 5
  data: [-0.12858, -0.44056, 0.00123, 0.00215, 0.0]
projection_matrix:
  rows: 3
  cols: 4
  data: [5296.04052734, 0.0, 1511.62903545, 0.0, 0.0, 5311.76367188, 1077.67061308, 0.0, 0.0,
    0.0, 1.0, 0.0]
rectification_matrix:
  rows: 3
  cols: 3
  data: [1.0, 0.0, 0.0, 0.0, 1.0, 0.0, 0.0, 0.0, 1.0]
