image_width: 2880
image_height: 1860
camera_name: camera4
camera_matrix:
  rows: 3
  cols: 3
  data: [1493.89305, 0.0, 1434.05368, 0.0, 1494.11047, 938.13478, 0.0, 0.0, 1.0]
distortion_model: plumb_bob
distortion_coefficients:
  rows: 1
  cols: 5
  data: [0.45661, -0.00186, -0.00003, -0.00015, 0.00153, 0.85654, 0.08203, 0.0, 0.0,
    0.0, 0.0, 0.0, 0.0, 0.0]
projection_matrix:
  rows: 3
  cols: 4
  data: [870.17737, 0.0, 1421.48751, 0.0, 0.0, 1247.0332, 940.93758, 0.0, 0.0, 0.0,
    1.0, 0.0]
rectification_matrix:
  rows: 3
  cols: 3
  data: [1.0, 0.0, 0.0, 0.0, 1.0, 0.0, 0.0, 0.0, 1.0]
