lidar_front:
  camera1/camera_link:
    x: 0.030164
    y: -0.160837
    z: -0.111513
    roll: -0.003314
    pitch: 0.004896
    yaw: 1.574782
