image_width: 2880
image_height: 1860
camera_name: camera1
camera_matrix:
  rows: 3
  cols: 3
  data: [1519.73395, 0.0, 1413.20018, 0.0, 1527.10726, 945.6712, 0.0, 0.0, 1.0]
distortion_model: rational_polynomial
distortion_coefficients:
  rows: 1
  cols: 14
  data: [-0.08989, -0.1186, -0.00016, -0.00007, 0.0067, 0.30995, -0.24648, 0.0, 0.0,
    0.0, 0.0, 0.0, 0.0, 0.0]
projection_matrix:
  rows: 3
  cols: 4
  data: [1015.1003418, 0.0, 1466.52248505, 0.0, 0.0, 1284.54455566, 950.87123341, 0.0, 0.0, 0.0,
    1.0, 0.0]
rectification_matrix:
  rows: 3
  cols: 3
  data: [1.0, 0.0, 0.0, 0.0, 1.0, 0.0, 0.0, 0.0, 1.0]