image_width: 2880
image_height: 1860
camera_name: camera6
camera_matrix:
  rows: 3
  cols: 3
  data: [1543.88646, 0.0, 1455.51234, 0.0, 1542.117, 955.83491, 0.0, 0.0, 1.0]
distortion_model: rational_polynomial
distortion_coefficients:
  rows: 1
  cols: 14
  data: [0.45661, -0.00186, -0.00003, -0.00015, 0.00153, 0.85654, 0.08203, 0.0, 0.0,
    0.0, 0.0, 0.0, 0.0, 0.0]
projection_matrix:
  rows: 3
  cols: 4
  data: [940.59991455, 0.0, 1472.20666395, 0.0, 0.0, 1302.85144043, 965.17800362, 0.0, 0.0, 0.0,
    1.0, 0.0]
rectification_matrix:
  rows: 3
  cols: 3
  data: [1.0, 0.0, 0.0, 0.0, 1.0, 0.0, 0.0, 0.0, 1.0]
