image_width: 2880
image_height: 1860
camera_name: camera2
camera_matrix:
  rows: 3
  cols: 3
  data: [1502.98471, 0.0, 1422.35349, 0.0, 1504.5042, 931.99575, 0.0, 0.0, 1.0]
distortion_model: rational_polynomial
distortion_coefficients:
  rows: 1
  cols: 14
  data: [0.32864, -0.03183, 0.00005, 0.0002, 0.00267, 0.73261, 0.0, 0.0, 0.0, 0.0, 0.0,
    0.0, 0.0, 0.0]
projection_matrix:
  rows: 3
  cols: 4
  data: [878.42378, 0.0, 1402.49031, 0.0, 0.0, 1258.01633, 933.10245, 0.0, 0.0, 0.0,
    1.0, 0.0]
rectification_matrix:
  rows: 3
  cols: 3
  data: [1.0, 0.0, 0.0, 0.0, 1.0, 0.0, 0.0, 0.0, 1.0]