image_width: 2880
image_height: 1860
camera_name: camera3
camera_matrix:
  rows: 3
  cols: 3
  data: [1500.05060, 0.00000, 1430.78876, 0.00000, 1499.95752, 940.95613, 0.00000, 0.00000, 1.00000]
distortion_model: rational_polynomial
distortion_coefficients:
  rows: 1
  cols: 14
  data: [0.27430142, -0.02073177, 0.00007407, 0.00008116, 0.00128976, 0.67045534, 0.00000000, 0.00000000, 0.0, 0.0, 0.0, 0.0, 0.0, 0.0]
projection_matrix:
  rows: 3
  cols: 4
  data: [877.863525, 0.00000000, 1418.95998, 0.00000000, 0.0, 1254.34375, 945.262686, 0.00000000, 0.00000000, 0.0, 1.00000000, 0.0]
rectification_matrix:
  rows: 3
  cols: 3
  data: [1.0, 0.0, 0.0, 0.0, 1.0, 0.0, 0.0, 0.0, 1.0]
