image_width: 2880
image_height: 1860
camera_name: camera6
camera_matrix:
  rows: 3
  cols: 3
  data: [1500.35853, 0.0, 1419.21658, 0.0, 1501.15968, 936.4509, 0.0, 0.0, 1.0]
distortion_model: rational_polynomial
distortion_coefficients:
  rows: 1
  cols: 14
  data: [3.49528, 0.71004, 0.00028, 0.0001, -0.03621, 3.91361, 1.98308, 0.0, 0.0,
    0.0, 0.0, 0.0, 0.0, 0.0]
projection_matrix:
  rows: 3
  cols: 4
  data: [871.67853, 0.0, 1390.37965, 0.0, 0.0, 1251.62366, 939.62595, 0.0, 0.0, 0.0,
    1.0, 0.0]
rectification_matrix:
  rows: 3
  cols: 3
  data: [1.0, 0.0, 0.0, 0.0, 1.0, 0.0, 0.0, 0.0, 1.0]
