# Dummy
image_width: 2880
image_height: 1860
camera_name: Dummy
camera_matrix:
  rows: 3
  cols: 3
  data: [1593.88646, 0.0, 1455.51234, 0.0, 1592.117, 955.83491, 0.0, 0.0, 1.0]
distortion_model: plumb_bob
distortion_coefficients:
  rows: 1
  cols: 14
  data: [-0.17251, 0.11716, -0.00225, -0.00129, -0.02957, 0.24231, -0.01842, 0.0,
    0.0, 0.0, 0.0, 0.0, 0.0, 0.0]
projection_matrix:
  rows: 3
  cols: 4
  data: [1593.33301, 0.0, 1455.00695, 0.0, 0.0, 1591.26111, 955.32104, 0.0, 0.0, 0.0,
    1.0, 0.0]
rectification_matrix:
  rows: 3
  cols: 3
  data: [1.0, 0.0, 0.0, 0.0, 1.0, 0.0, 0.0, 0.0, 1.0]
